"","S.Score","G2M.Score","Phase"
"AACCAACAGATAACGT-1",-0.0837067463724823,-0.123879616081627,"G1"
"AATCGTGGTGGTACAG-1",-0.118662287640776,-0.240037151120322,"G1"
"AATGACCCAGACAAGC-1",-0.0634661263927736,-0.167616218740356,"G1"
"ACACGCGCAGCAGATG-1",-0.0906072104481578,-0.153910229678292,"G1"
"ACAGCCGCAATACAGA-1",0.152198925919042,1.12652507613632,"G2M"
"AGAAGTACAAGTACCT-1",-0.126152616526001,-0.335478440704504,"G1"
"AGAGAGCGTTACCCAA-1",0.14321324082159,-0.130510886592458,"S"
"AGGGCTCGTGAAAGTT-1",-0.0789820164254424,-0.180045514352089,"G1"
"AGGTCTAAGGCAATGC-1",-0.0937266904880343,-0.168923166114075,"G1"
"AGTAACCGTCACTTAG-1",-0.0938770376335342,-0.122218184613597,"G1"
"ATCGTCCCAGTGCGCT-1",0.00215873454369672,-0.196054791097246,"S"
"ATTATCCTCCGGCAGT-1",-0.15130685440756,-0.248013458288407,"G1"
"ATTCTTGCATTGCAAC-1",-0.0120553178942749,0.00466683524320471,"G2M"
"CAAAGAACACACACGC-1",-0.114222581905092,-0.305250276877745,"G1"
"CAATTTCTCCTAAACG-1",-0.0138704347806593,-0.115082399348696,"G1"
"CAGATACGTATGTCAC-1",-0.0206650986688956,-0.0112303704666363,"G1"
"CAGCACGGTCAGGAGT-1",-0.0683624672119845,-0.0938189021227882,"G1"
"CATTGCCTCACTCTTA-1",-0.102157363208912,-0.0788942298585705,"G1"
"CCCTCTCTCCGAGGCT-1",-0.0176294172979685,0.0485469912095083,"G2M"
"CCCTGATAGAGGGTCT-1",0.0547929143065558,0.402257967028585,"G2M"
"CTGCCATAGAAGCGAA-1",-0.112152686018306,-0.200263516893131,"G1"
"CTGCCATAGAGTATAC-1",-0.0926709194983893,-0.237395753666871,"G1"
"GACCCTTCAGAGCTAG-1",-0.016365832213725,0.0229231258009628,"G2M"
"GACCGTGTCTGACGCG-1",0.246965839913364,0.999277906610591,"G2M"
"GACGTTATCAAGCTTG-1",-0.0120826323531004,0.0288433578349986,"G2M"
"GCACATATCACTTGGA-1",-0.0978232104263937,-0.117641342787147,"G1"
"GCCAACGAGGATCATA-1",-0.122779794660441,-0.230859827610049,"G1"
"GCTGGGTTCCGGCAGT-1",-0.0449175893143024,-0.225558922851765,"G1"
"GGACGTCCAGATTTCG-1",-0.0547428864546403,0.833170834336271,"G2M"
"GGGATGATCGGCGATC-1",0.199255320950198,-0.029986682645339,"S"
"GTAGAAATCGGTCTGG-1",-0.0663514328064103,-0.322203770845652,"G1"
"GTCACGGCATTCAGCA-1",-0.0548638878204306,-0.101898587845361,"G1"
"GTCGTTCAGGAACGAA-1",-0.116493886453447,-0.242546431726394,"G1"
"GTCTACCTCTTTCGAT-1",0.109018938322095,-0.0713249173073646,"S"
"GTGCACGTCGCCAATA-1",-0.00818133146407529,0.0753281322011884,"G2M"
"GTGGAGACAGCGTACC-1",-0.0617518735894879,-0.174449697772308,"G1"
"GTTACAGTCTGGGATT-1",-0.0459572663187244,-0.0698417953006578,"G1"
"GTTCGCTTCTGGCCAG-1",-0.0964295526950117,-0.199570188851212,"G1"
"GTTCTATTCTTGATTC-1",-0.0262894989288633,-0.125936663721834,"G1"
"TACACCCCAATGTCTG-1",-0.140607177285817,-0.272746799552422,"G1"
"TACCCGTGTCCTCCAT-1",-0.0663538802271564,-0.2687058378404,"G1"
"TACCGAACATGAATAG-1",-0.00599439176473449,-0.041189826217752,"G1"
"TATCTGTAGATGGTAT-1",0.0163231830749758,0.0106599446018276,"S"
"TATTTCGAGGATAATC-1",-0.0843979065218766,-0.11278424781602,"G1"
"TCACACCTCTGCGGCA-1",0.0786707420343402,-0.155395592039357,"S"
"TCATTGTAGGAATGTT-1",0.130951140581521,0.862655663612542,"G2M"
"TCTGCCAGTCTAACGT-1",-0.011367795121674,-0.213890697362544,"G1"
"TCTTGCGCATGTTCGA-1",0.592926121970059,0.433085638432871,"S"
"TCTTTGAAGACGCCAA-1",-0.0428882112368862,-0.252485839534244,"G1"
"TGAATGCGTCCCTAAA-1",0.1369919424255,0.441546227159264,"G2M"
"TGATCAGGTGTATTCG-1",-0.155483070569572,-0.291568395279765,"G1"
"TGGAGAGGTCTTGCGG-1",-0.0661943962345204,-0.188636831429259,"G1"
"TGGAGGACACCGTACG-1",-0.128069183011199,-0.228928473014569,"G1"
"TGGTAGTGTATGAAGT-1",-0.0149781278153789,0.0370557201017105,"G2M"
"TGGTGATGTCCCGGTA-1",-0.0306098069390864,-0.0956304349892703,"G1"
"TTGCCTGGTTCCCAAA-1",0.412887635284566,0.034948235291469,"S"
"TTTACTGAGAAGGGAT-1",0.0244299270685595,0.550728300563505,"G2M"
